0.3436135153097694
1.2948099717842114
-1.0630816115029165
1.640690612555037
-2.0488862562893537
-0.8700602968626882
0.907393423034087
1.1479959085557403
-0.04901643467887596
-0.5688896347166871
-1.04042341252914
0.24244364543888547
-1.4046058071169492
0.8432211157933595
0.4337782248666533
-0.2236603717596888
0.10887928825285437
-0.974919490145929
-1.2512678271594702
-1.694593486893666
0.854971445695444
0.8281378699605773
-1.4116680864600242
-0.5883283541286349
-2.3516693125096
2.158348723966554
-0.4885084471993573
1.3716590118269167
-1.6004462828349844
-0.7889785102276882
-0.6241594538217816
-0.8557135181052643
-0.025724726707030295
-1.5473872302059122
-1.0681767985368673
1.2226921854770447
0.7365063884824663
0.6714872425885259
-1.356042212829942
1.2834354163002475
-0.039768519644567506
0.11458418224183321
0.7901687068542326
-0.1985381490749163
0.28232121176444996
0.09315685535147773
0.7072602038028606
-0.47965328717978367
-0.33700464516514106
1.780543005189031
0.18970288825705642
0.2690485846563052
-0.36652160450021204
1.0478385773254326
1.7646170550410871
-0.30785980748293573
0.9174268550818425
-0.7836465942790107
-0.8985417601922717
1.2786797981112137
0.09626331538160612
-1.3008851857519739
0.9818612949696884
-0.7536901471804157
-1.0010692520632882
-0.36072294345138717
0.706797917966698
1.5382327636756277
1.1200609045249168
0.5090109831863663
0.3678716119960053
1.600015267609321
-1.9228260647905775
1.3872729230301002
1.4352564716472356
-0.4407321658430052
-1.7135837033863641
0.1299375207486783
0.43692289675370666
-0.002337663675160184
1.0379374324194584
-0.2846642371302416
1.3275798294263037
1.1530426579709308
-1.4254411657517245
-0.4950405030254208
0.7116711810831938
-0.1323361186069221
0.5583891793822604
0.5568270998423737
0.6042478499351479
1.2335032782841537
0.29908300379851377
1.0564160605390975
-0.16445905856490203
-0.10397821737227292
0.26449226499185147
-1.808917488677486
1.13138981192702
-0.6193379690737673
0.25324076370734117
0.07563213314377204
-0.001097757349972306
0.033403321051774904
0.9207275201718172
1.5868832251123548
0.7824120869029263
3.4136275125973725
2.050055544118451
2.0032475263530958
1.8012980290901444
2.2594095430599452
4.272080773056046
4.632075487578964
4.957885828515305
6.520130538961334
2.6504496023997652
4.755030771259548
6.0144099453124955
6.36362288549048
6.686110000392055
7.158036398994229
7.128574164200871
6.356520983004597
8.22173232779525
8.74777350489388
8.26376269788764
6.8828912467659045
8.680932755214835
8.231815752206188
10.60672799374705
8.850397099593158
7.807172919116612
8.067346294620998
7.48296681851008
7.259012901140158
8.36892660341644
9.817636877151903
8.057285382933468
9.867973431655377
9.443956022409225
8.209558948260476
7.681980089184261
7.940728978834954
9.478058032720224
7.320575759082381
8.556239634115885
8.69080655620627
10.21518757755391
10.075913913458411
8.28431071309021
7.974512441089735
10.878393409891839
9.235447028946579
8.898442612805136
9.014001158557607
9.594876674556264
9.26513293365232
8.762434047868373
8.82960243158024
8.374186355991473
7.7889941648008625
10.426990385014719
8.859079336857384
8.77744792161654
10.405293093288522
7.1909718656012345
9.021254719077
9.088267646650861
11.063806919431656
10.39351034512454
8.767397421819558
8.489102818761236
8.372695041612973
9.277107089094336
9.618812316372003
9.76256183475902
9.776321349269017
8.360941677541948
8.765267063120136
8.068344749979797
7.763287301845514
7.923569296508328
8.461123683570161
8.722034402463231
9.816510733821048
8.103709921380908
9.134182137699318
8.295547536924621
8.230096554542511
9.462792875071653
9.28061967138656
7.407803344775126
8.170879796514779
8.966185661972034
9.167810327138541
9.92341082794555
11.159562620877507
8.169884263835943
9.727427287542936
9.364381473963805
11.105198708152757
8.71668841700467
8.224158634002436
6.665124967573898
8.968070718832017
8.175768628156296
9.310944641266254
8.463475334685626
8.241623602892634
8.088491454128343
10.458631464135966
9.728809018463584
8.996849731778386
7.875032366248735
10.007646728450746
8.416596975895658
8.335777352517622
8.529903788601
10.770003490544656
10.006118534700297
8.986958084830569
7.49970309028783
9.153329796508729
8.24014966769636
10.082324456786434
9.361476467370514
8.192517789655803
10.82922176819849
7.7612761046191086